R   1000
P	5				1
A	0				255,255,255
C	7,-13,8		-6,13,-4.5			70
#C	0,-12,4.613		-0,12,0			70
#L	-3,-7,8		0.8				255,255,255
#L	0,-6,1.5	0.6				255,255,255
L	3,-8,4		0.6				255,255,255

#pl	0,0,0			0,0,1			120,20,60
pl	0,0,0			0,0,1			93,13,110
#pl	0,40,0			0,1,0			25,0,100
pl	0,40,0			0,1,0			237,67,83
#pl	-20,0,0			1,0,0			25,180,100
pl	-20,0,0			1,0,0			254,212,64
#sp	3,0,2			1				255,0,0
#sp	2,-2,3			0.5				0,0,255
#cy	3.75,1,2			0,0,1	0.75	4	255,255,0

sp	0,-3,4.414		0.5		255,255,0
cy	-1,-3,2			0,0,1	0.5	5.226	255,0,0	rot 0,1,0 22.5
cy	1,-3,2			0,0,1	0.5	5.226	255,0,0 rot 0,1,0 -22.5
sp	0,3,4.414		0.5		255,255,0
cy	-1,3,2			0,0,1	0.5	5.226	255,0,0	rot 0,1,0 22.5
cy	1,3,2			0,0,1	0.5	5.226	255,0,0 rot 0,1,0 -22.5
cy	0,0,4.414		0,1,0	0.5	6		0,255,0


sp	0,0,0.5				0.5		0,0,255		tra -7,0.2,2.5
sp	0.35,0,0.85			0.3		255,255,0	tra -7,0.2,2.5
sp	0,-0.35,0.15		0.2		0,255,255	tra -7,0.2,2.5
sp	-0.35,-0.35,0.5		0.2		0,255,255	tra -7,0.2,2.5

sp	0,0,0.5				0.5		0,255,0		tra -4,-3,1.5
sp	-0.35,0,0.85		0.3		255,0,255	tra -4,-3,1.5
sp	0,-0.35,0.15		0.2		255,255,0	tra -4,-3,1.5
sp	0.35,-0.35,0.5		0.2		255,255,0	tra -4,-3,1.5

#cy	0,2,1			1,0,0	0.5	4	80,0,0
#sp	-2,4,4			0.5				20,0,0
#sp	2,4,4			0.5				20,0,0
#sp	40,0,100		12				255,120,0
#sp	40,0,80			2				0,120,0
#sp	65,0,100		5				0,255,127
##sp	65,10,100		7				0,255,255		spc:0.9,5 mir:0.3
#sp	65,10,100		7				0,255,255
##cy	5,0,90			0,1,0			4.2						21.42	0,255,255;255,0,255 spc:0.5,20 mir:0.6 ref:1.2 pat:0,0
#cy	5,0,90			0,1,0			4.2						21.42	0,255,255
