R	1000
P	2				20
A	1.0				255,255,255
C	0,-10,4			0,10,-4			70

#sphere
#sp	0,0,-1000		1000			100,100,100
#sp	0,0,1		1			255,100,100		ttr	1,0,0	0,0,0	0

#cylinder
#sp	0,0,-1000		1000			100,100,100
#cy	0,0,0			0,0,1			1			2			255,150,0
#cy	0,-2,0			0,0,1			1			2			255,0,0		ttr		0,2,1	0,1,0	10
#cy	2,-2,0			1,1,1			1			2			255,60,60

#cone
#sp	0,0,-1000		1000			100,100,100
#co	0,0,0			0,0,1	1.0					0.5		3		255,0,0	ttr		-2,0,0	0,1,0	10
#co	0,0,3			0,0,1	1.0					0.5		3		0,0,255	ttr		0,0,0	0,0,1	45

#disc
#sp	0,0,-1000		1000			100,100,100
#ds	0,0,0			0,0,1	2		255,0,0			ttr	0,0,0	0,0,1	90
#ds	0,0,0			0,0,1	2		0,10,100		ttr	1,0,0	0,1,0	135
#ds	0,0,0			0,0,1	2		255,100,0		ttr	0,1,0	1,0,0	45
#ds	0,0,0			0,0,1	2		0,10,100		ttr	-1,0,0	0,1,0	45
#ds	0,0,0			0,0,1	2		255,100,0		ttr	0,-1,0	1,0,0	135

#plane
#pl 	0,0,0			0,0,1.0			178,178,178		ttr	0,0,1	0,1,0	10
#pl 	0,0,0			0,0,1.0			178,0,0			ttr	0,0,1	1,0,0	-45
#pl 	0,0,1			0,0,1.0			0,178,178		ttr	0,0,-1	0,0,0	0
#sp	0,0,1		1			0,255,0
#cy	0,0,1			1,0,0			0.1			4			255,150,0

#quad
#sp	0,0,-1000		1000			100,100,100
#sp	0,0,0			0.2				255,0,0
#qd	0,0,0			1,0,0			0,1,0		255,50,0	ttr	0,0,1	0,1,0	10
#qd	0,0,0			1,0,0			0,1,0		255,0,0	ttr	0,0,1	0,0,0	0
#qd	0,0,0			1,0,0			0,1,0		255,255,0	ttr	0,0,1	0,1,0	-10
#qd	0,0,0			1,0,0			0,1,0		0,50,255	ttr	0,0,0	0,0,0	-10

#box
#sp	0,0,-1000		1000			100,100,100
#qd	0,0,0			2,0,0			0,2,0		255,50,0	ttr		0,0,0	0,0,0	0
#bx	0,0,1			1,0,0			0,1,0		0,0,1		255,150,0		ttr		1,0,0	1,0,1	45
bx	0,0,0			1,0,0			0,1,0		0,0,1		255,150,0

#dice
#sp	0,0,-1000		1000			100,100,100
#di	0,0,1			1,0,0			0,1,0		0,0,1		0,0,200		ttr		0,0,0	0,0,1	130
#di	3,0,1			1,0,0			0,1,0		0,0,1		0,200,0		ttr		0,0,0	0,1,0	90
#di	-3,-3,1			1,0,0			0,1,0		0,0,1		200,0,0		ttr		0,0,0	0,0,1	200

#safety cone
#sp	0,0,-1000		1000			100,100,100
#sc	1,0,0	0,0,1	3
